year,data_generated,change_over_previous_year,change_over_previous_year_pct
2010,2,,
2011,5,3,150
2012,6.5,1.5,30
2013,9,2.5,38.46
2014,12.5,3.5,38.89
2015,15.5,3,24
2016,18,2.5,16.13
2017,26,8,44.44
2018,33,7,26.92
2019,41,8,24.24
2020,64.2,23.2,56.59
2021,79,14.8,23.05
2022,97,18,22.78
2023,120,23,23.71
2024,147,27,22.5
2025,181,34,23.13